10297117 65.698 1290550767 3439.152
10341456 65.264 1299129747 3514.934
10385993 69.749 1307352256 3872.595
10429615 64.654 1315303522 4545.014
10470926 67.495 1323084639 5223.755
10508494 69.713 1330776380 5876.555
10542837 64.927 1338408644 6488.804
10573150 62.447 1345993891 6978.612
10595312 60.123 1353569480 7496.832
10604066 57.224 1361169410 7886.533
10596055 53.017 1368810604 8616.653
10569388 51.815 1376497633 9528.556
10526308 49.979 1384206408 9775.622
10473025 48.182 1391883335 9952.744
10418224 47.962 1399453966 9985.583
10368346 52.290 1406847868 9848.420
10325540 50.458 1414049353 9720.444
10288527 55.231 1421021794 9920.459
10256192 51.492 1427647789 10289.990
10226178 47.629 1433783692 10489.989
10196707 40.388 1439323774 10667.887