2000 0.404967721 0.247642131
2001 0.373254985 0.223372802
2002 0.398613787 0.259002678
2003 0.370099951 0.227237535
2004 0.377235022 0.233026191
2005 0.370176735 0.220773785
2006 0.348103646 0.206775463
2007 0.360346727 0.218477937
2008 0.351098675 0.214245697
2009 0.319688693 0.207467588
2010 0.316155399 0.204793199
2011 0.288569215 0.203417643
2012 0.292600217 0.210900156
2013 0.294088862 0.213882808
2014 0.307154079 0.227485990
2015 0.309596150 0.225686913
2016 0.312816569 0.222748641
2017 0.341156708 0.232297587
2018 0.303231453 0.218404648